5914 6667 10002 6257 
3066 5511 6304 8819 
1499 5770 7048 11331 
11007 27301 85302 9729 
4188 4034 7597 10758 
1019 595 826 50628 
2670 7431 26150 9883 
2130 202559 6297 25941 
10921 9416 24148 23517 
79873 7186 23199 7185 
641 4683 2177 4599 
7157 1877 9232 1029 
5879 50855 10458 5910 
2810 1111 23077 9413 
6464 1969 1439 351 
83755 79088 79797 54461 
836 56850 596 904 
11030 8812 55342 10489 
10289 6205 6189 51386 
2099 27043 1655 10011 
2885 6853 1436 2322 
5777 933 4842 114132 
4036 10393 10755 7356 
58 7114 27252 5499 
7020 7913 4609 163732 
3146 1400 5970 217 
27316 353267 10174 10656 
3276 55183 10657 4860 
811 5327 5551 2243 
3054 10891 430 
6271 6285 5837 10397 
1051 4089 4790 7046 
3065 7153 4297 988 
25843 6950 22899 8428 
5050 11244 2634 8644 
7329 9094 2272 5863 
7532 3480 55177 10399 
3842 6147 8106 29763 
2908 10048 1616 
23468 10951 11335 
7276 1915 4140 
5071 10273 5997 
81628 8697 80125 
9212 6867 29127 
29950 1387 9794 892 
153733 541468 374618 
60491 51076 80145 
23433 10602 81704 
51205 170506 54978 
7916 4123 8974 
6908 6884 10320 
7265 2769 1408 
3692 8662 51018 
7158 672 7392 5931 
1613 5074 2888 
5516 7203 10576 
22981 9726 79571 
1163 6502 890 
88 7982 3741 
84246 10001 5433 
801 6925 10142 
84060 79096 1031 
1173 147 9779 
9260 2669 9491 
598 5663 10134 
5580 2554 3667 
7189 8878 55437 
8841 7181 2624 
2768 5536 2149 
10856 1386 1777 
23542 7804 5609 
9970 6256 
6919 79012 
9513 8440 4841 79869 
1080 7430 5562 
3956 3958 6693 
407 27232 1459 
10915 10036 11338 
6628 6634 51690 
8289 2623 6599 
1024 9282 2100 
9759 22807 4209 
1937 79676 29903 
2064 6714 
9530 3312 
26064 7534 4776 
6015 1911 23492 
27040 2212 11184 
8940 57680 26511 
29979 125170 57542 
10307 333 10200 
10421 117159 
572 5584 7531 
1000 50937 10672 
5284 6446 5515 
5925 93621 
998 7409 8651 
9869 51295 
58533 94 
114822 30008 
116840 1130 
6812 6809 
10969 7555 
3630 84817 
4172 8317 
1153 56925 
1630 5747 
4617 3398 
164 25977 
2160 3827 
2157 3998 
3621 8850 
843 8797 
5664 7087 
11187 1828 
4738 8451 
26276 63894 
5501 5509 
6773 3454 
10282 8615 
53615 57459 
4088 4851 
10922 7072 
5304 920 
22803 23435 
1027 898 
5708 6314 
10285 56342 
11143 1663 
2957 6872 
23705 23136 
51019 10403 
4176 4999 
11059 11083 
10189 860 
6929 4654 
144455 8607 
11098 51399 
2549 708 
25 7275 
6717 310 
5587 695 
22820 6892 
4791 5966 
4591 55388 
831 23025 
2066 4690 
3486 8038 
9522 10066 
1487 7050 
3737 3738 
23054 5591 
4831 83481 
27030 4292 
3091 328 
6810 5867 
151636 7322 
2316 7428 
138065 2203 
4216 5606 
10912 1026 
330 8915 
23588 11269 
2770 8490 
51003 5272 
645455 90060 
5519 5527 
7871 85369 
5054 5328 
3354 5704 
6477 5450 
5424 11156 
3553 7334 
8634 6142 
4796 55723 
10939 1912 
2010 4001 
3561 6461 
25917 51691 
51085 6945 
9969 219541 
6427 7307 
10625 5217 
10073 6606 
1933 3035 
81620 8454 
6195 5594 
151871 51534 
57556 51466 
56654 7027 
2869 554 
22827 10492 
25777 5878 
387 8506 
2833 6373 
2185 9600 
2806 4350 
2913 5494 
2534 914 
7454 7456 
63948 51517 
506 2175 
1665 26823 
6294 9667 
10645 5566 
51647 9391 
7030 6169 
6199 6850 
3717 6776 
3708 6383 
23451 11325 
1741 491 
207 2932 
339 387569 
273 8851 
1991 7057 
66036 9108 
11345 84630 
55367 835 
10016 23593 
26824 11066 
1739 8825 
9229 2903 
26146 7187 
1617 26528 
3866 51421 
23607 829 
4194 7321 
23649 92797 
9686 4205 
7536 2521 
1432 27347 
10799 11102 
1325 6754 
7249 6009 
57035 1198 
599 638 
10014 11337 
4161 5443 
4043 6653 
9781 1874 
9146 9001 
1088 634 
5430 64754 
3516 9541 
1977 1981 
6632 79084 
1271 23529 
23268 644150 
5264 8533 
4110 9167 
3507 55722 
51100 1759 
4771 6711 
5982 79075 
5298 7529 
382 409 
25804 9111 
113675 27229 
201163 96459 
79666 51562 
51668 11020 
1030 8518 
5933 6839 
4222 5077 
5894 22866 
1600 3949 
5518 5522 
26353 27129 
10297 51529 
4734 7323 
8997 5066 
23192 79686 
7706 9246 
156 5148 
23612 64210 
4147 8785 
57555 9379 
140901 9124 
10270 276 
1956 9905 
7917 84223 
10480 1974 
1462 1404 
4628 57787 
1967 51073 
4294 22920 
867 5296 
64787 71 
2720 4758 
2661 6279 
57002 57562 
26993 1660 
1399 9743 
857 