7157 367 902 2965 2099 1022 2071 4331 9112 2966 2068 
672 5970 4609 6667 5925 6597 3066 5928 3065 6598 5371 1387 25942 3621 5931 3725 9612 8819 8841 9611 6599 
2885 6714 2064 2185 5335 6850 1956 867 7409 5777 3717 5747 2534 5295 5781 6464 5829 3572 9564 4067 1399 2057 25 9846 7535 55824 
1499 4088 4089 51176 4087 4092 1855 51588 207 4091 2033 117583 4086 55914 10401 
7186 7704 81576 7572 1915 7718 5050 
5894 2908 7533 5469 2810 3320 7532 369 
11007 25843 27301 5585 
6303 55183 6176 3336 5201 9094 6118 7088 1400 
6908 5430 2962 6917 2959 2960 2968 2963 2961 9412 6882 
841 7431 4122 1107 5888 839 
2130 396 86 
1017 5515 5495 1021 1027 898 6502 1163 890 1869 
7132 7329 355 7341 356 8772 843 8795 4478 5599 7430 387 637 
10971 8648 2100 8202 1655 10521 10011 10499 6256 7421 22938 
7534 2547 7015 7520 1111 5591 23054 3297 958 2648 
84246 80306 9969 219541 55588 1024 55090 9441 9440 81857 10001 51586 9282 54797 9477 9439 90390 6837 112950 9443 29079 9442 400569 10025 9862 51003 
1457 10921 1460 1856 3181 408 407 1459 2247 
1742 9146 2891 2901 2898 2895 1741 2890 1739 10369 
6774 4790 3716 2690 55250 6777 7297 3560 6772 10399 
9513 10241 26036 80125 81628 79036 84708 54550 653121 
7189 4176 8878 5590 3654 4615 51135 114609 
9869 5717 5511 84060 1787 55643 10980 6783 
998 5879 10458 5058 84552 5062 56882 51225 
596 3667 598 8660 57142 7343 7529 572 
57562 5802 57002 64968 
5594 3643 6195 7249 5595 7248 
1398 5359 7465 2060 
83755 5159 79088 9402 
4188 5300 4034 1848 
5111 6117 4595 328 7515 2237 142 
5764 55755 51631 546 266812 51019 28986 
11161 8655 56901 
3866 26150 83878 27229 90060 284058 6602 
4163 8428 85369 29888 6801 5518 29966 11235 10494 55917 80143 83992 51765 57464 80342 26127 5516 7871 5519 6950 22948 10694 
999 3728 51762 1495 1000 1001 1500 1003 5663 8502 1832 
4690 5921 9046 10657 1796 3932 858 
10524 4035 6853 9722 4842 6854 
7917 6606 5531 50628 1019 1660 11218 6628 54433 
1937 10014 79676 116154 
7428 9978 4738 8453 8451 55832 55070 64326 
3312 5071 10273 3337 2861 3301 3303 1080 573 3308 
8850 5914 9575 406 4862 
857 695 660 5957 6011 
2175 3551 1147 4296 11140 8517 26133 7128 10758 
4110 60491 9167 25953 
58 5578 6624 
2932 23451 5576 11215 5499 56950 
472 545 5884 3981 7486 6009 9656 4361 4683 
9759 1487 9734 64375 10320 23309 22806 22807 1108 64376 51564 
10813 7013 55274 333 
3815 613 2887 
1051 3190 3159 4602 6595 
3276 84966 6279 
3692 28964 8662 8669 8663 8661 8666 27335 10289 51386 
4217 7185 23162 5609 23542 9479 5601 7786 142679 
11030 84528 54472 9802 23543 
3265 6654 83593 11186 
3611 3688 550 3678 928 7106 3675 975 
2661 5272 2290 3609 
8175 22827 11338 10946 7307 6426 9295 10915 6427 
1432 1386 27347 6558 
7067 595 6996 7818 5241 
4591 7187 10010 4804 4055 7188 9618 7874 
9500 54919 5989 51547 
1601 983 1857 8312 
836 641 56850 1630 
2353 6872 4286 5080 6688 2114 
1026 896 10912 1647 891 90480 4616 4216 
3480 7531 3486 3479 7018 3483 
8773 23557 54212 6814 6844 6810 2054 9341 8673 6616 8775 6804 6809 
9001 3064 4760 4294 
84164 6722 5303 79735 2975 
2475 5580 5338 
6601 409 6453 7184 
5933 8900 4605 1028 
23468 10155 10951 11335 26225 
7205 8440 54855 9170 
4171 4172 8317 4174 10926 4999 4173 5001 4998 5000 23594 4175 23595 8318 
22981 5997 9726 55388 
988 10985 7153 6634 
11156 4436 5424 5981 4292 2956 10111 
580 675 79184 9577 7321 2177 
3054 10891 64426 54985 
8204 23641 6257 26574 
4193 3091 27085 1488 
4036 7057 10393 56899 
3837 5901 5903 10073 10204 9972 7514 23636 5902 
1385 2274 2275 9457 3679 
7046 960 58533 7048 64750 5296 
2335 2934 7045 1401 712 
4301 5906 84196 673 
5719 5708 5700 5704 9861 5701 5716 80227 5705 5702 5707 5706 5713 6314 
5290 9368 2776 23236 
60492 8848 53826 54949 
30011 6456 8867 273 1759 51100 274 
5581 3875 3856 5411 
3172 8576 2132 1270 6623 3382 2131 
4791 9020 1326 79155 5966 4794 4792 29110 
5432 5434 5441 5437 5431 5436 5440 5435 
6929 6886 8861 863 23635 4005 9139 4807 
4654 3398 64100 6925 3399 3397 4617 4618 6938 
2597 5451 10963 4863 
7555 6189 10969 55646 6122 55299 
30008 29979 114822 358 
324 4085 701 9184 996 991 51434 8881 51433 64682 29945 10297 51343 
3146 7161 5340 5327 3911 
351 6622 6620 2869 2870 801 4137 
7454 3055 7456 
10989 64400 648 81551 
1213 9641 51566 29924 161 
10856 8607 57634 26228 8295 2222 4149 
11244 55339 8644 8178 
2035 6709 6710 118 6708 286 5339 
9638 71 129563 79866 
11331 9688 22820 55290 
837 331 56998 79751 
373156 10128 26128 6185 10284 
23649 2261 92797 5422 
10421 1974 5034 134147 
5566 5170 10645 6446 9351 
1445 5175 2065 91746 
79873 10567 23199 2752 79666 
10445 2091 4839 
6880 23450 8464 9913 10474 6881 6874 6883 6877 
4739 5782 7791 8412 
5347 5682 5684 5687 
5610 7080 6895 2176 
4851 7528 1272 4854 9794 
5468 8431 4780 5449 
9319 55093 3927 57707 
5898 375 5337 382 10239 9266 8546 
6776 5770 56952 2066 
29911 11143 2059 9491 
7068 6907 9318 8668 
26824 6633 6632 79084 1207 10419 6635 6607 25929 6636 6637 
10755 4914 10287 
8518 6885 1030 25934 
5788 920 3956 914 
5579 10672 4684 25780 
8454 1025 6500 26190 26224 997 8945 26272 7322 25793 
163 9729 53371 1173 
6605 60 9031 7030 
5217 7408 10625 752 5216 
5465 11214 6258 85441 
7280 10301 9672 6812 
8717 8737 28996 8915 8797 
6839 861 5934 10413 
8651 100124696 2322 6921 6924 
8573 3768 320 55327 8825 64130 3761 
2904 9743 815 88 
2801 23650 5861 8615 
8837 8767 10392 84674 834 58484 64127 4663 
602 5971 2957 10987 
5868 23062 9135 26088 5867 55707 164 8411 
57596 11170 3983 283987 
6457 2010 55211 6455 
49856 57805 4522 2873 
868 10174 1407 9667 
26986 54984 1973 8672 1981 10605 
3708 7220 7222 7224 7223 3710 7225 
2969 23028 51317 23186 10362 7764 
4214 6416 5871 
7525 4868 6134 948 
862 79173 51729 55869 
26823 10262 10992 10285 23020 
2017 55114 10097 10096 10109 10094 10093 57180 
1616 2113 1060 6517 
9219 8932 85509 53615 57459 
468 27185 8667 285025 
51497 9276 4513 2948 
9051 6160 9689 28969 
7416 4170 581 10018 5366 599 578 
3309 57062 7450 7038 
6418 121504 8125 9015 8290 
9126 10783 203068 83463 
2316 3690 2317 2811 54751 3694 4867 
5932 6477 6478 5178 23089 6855 
51534 10534 151871 4077 
2623 8289 2313 10661 
4691 5500 23191 2332 8087 26999 
7040 7448 7042 5858 114990 4313 9392 
1740 9229 2903 140735 22941 4644 90427 
54606 6147 64951 63931 
2670 4221 9883 5174 
4297 5929 9070 29915 11091 
10425 7332 147791 29062 
1999 811 1654 9636 
3476 10574 11043 4281 
197131 54622 6866 403 5147 
5976 26019 5073 65110 54512 54464 23049 5394 65109 23404 
55885 4670 23099 222546 
6198 5520 8665 80347 
5979 10818 55816 2674 4902 
7251 6337 3798 3831 90678 
835 8996 55367 8738 
27040 6461 2212 6503 
3718 919 3953 9220 
9968 1130 10240 8220 
3635 3566 933 6504 
57819 25804 27257 51691 51690 27258 118460 11340 
6927 166 85415 10256 
9021 1436 7852 5618 
55969 1778 23534 23612 6748 
87 5245 5834 7518 
2242 2288 2289 84941 
5522 7203 908 402 
405 196 9049 
7414 7041 10391 10152 
2770 55188 8490 2775 2771 5999 6004 2773 10636 
2768 9138 5536 2149 
1029 894 29950 
5873 22895 79083 5874 94121 9501 4218 5864 
11098 5478 51399 29127 
7083 10589 5796 8503 
3106 7415 5198 191 
7916 708 4123 9898 
604 3727 54880 4300 
7074 4830 4833 6236 
56159 8379 55957 114327 
7158 1639 9937 3014 
1786 1788 1789 29947 
3937 3702 50852 84106 
7082 9414 57530 4950 9076 27134 7122 1365 
373 5987 22954 
7276 9796 4140 57104 
4831 3799 83481 5924 
4582 79695 8693 4586 
10403 26258 79003 57405 147841 83540 
5900 4043 5911 9610 22800 
80321 79797 84080 51224 
51562 8500 23136 81565 
8907 3183 6403 10618 
1649 8405 1054 8301 
1050 4488 5915 4487 1746 1749 3224 
5156 6643 8723 
1478 10923 1477 1479 
5728 1114 3039 260425 
842 329 332 56616 840 330 4671 
5664 10519 7087 823 
9111 10302 11147 11117 
25788 26003 170082 79090 
6811 55968 9554 10652 9527 51272 
5604 5328 28956 8649 
3315 9261 1415 1409 1410 1420 
659 91 90 8200 655 92 658 657 93 654 2022 
9260 11060 2669 57144 
994 3881 3891 11344 55041 3888 
1452 3838 94274 3148 5896 
904 6829 27336 
4205 4209 5598 
10656 27316 10179 202559 
1874 6689 9781 1871 1870 23429 23269 
10492 6857 6860 387569 339 
1234 6352 6382 3576 
23118 10454 257397 
8976 23268 23433 644150 
993 5292 8260 4772 
4113 6205 6154 6158 
653361 4688 84958 4689 1535 
7124 10928 7133 1634 
10542 9737 84232 55700 
8243 63922 5885 8467 10274 
3732 930 1839 977 4179 
3603 63948 3759 3766 
6773 3454 10379 3455 
3791 52 2277 7422 
995 4734 7527 1263 
5336 5587 640 7462 
11184 28988 29760 3059 973 
860 4090 10189 23522 
4811 1277 5792 2243 2244 
55145 138046 54819 5074 
8148 7536 6294 1195 
2521 7392 4904 23082 7391 
2189 3880 2178 2188 
4233 10048 57610 11146 
1315 3105 6892 6890 6891 3135 
509 64219 4709 25791 
4915 53358 627 25970 
6497 6498 4784 4204 
8812 8676 5129 8468 
2549 4215 6093 81572 
156 154 5148 2769 
3646 4905 3434 60313 
7804 1600 348 321 
4771 6386 6711 3568 
23421 9400 10087 3693 
5573 4647 9891 10564 10565 
10576
2516 2626 190 6720 
3910 29117 11100 3660 
7050 8928 8195 55153 
7273 55723 8557 26287 
11345 91754 84630 3047 
11284 58529 64434 81887 
5985 5982 5984 23476 5983 
2874 55872 56911 54908 
661 10621 10623 10622 9329 2976 9330 9328 
6304 1523 5439 11177 
4928 10482 30000 
6449 50848 84888 4832 
6119 26517 54821 11142 
7337 7323 9083 55658 
149371 5108 55770 5899 
9223 1822 10276 9873 
5564 170506 47 96459 5571 
821 7253 915 912 
2079 51205 6251 54978 
7965 3376 5859 5917 2058 
1756 1605 1838 6640 7402 1837 6645 
5883 3364 5810 7266 144715 135458 
8650 160 3897 1808 
5048 7846 10540 3735 
85302 6919 79571 90410 
5584 11033 50855 56288 1894 
6262 6261 9456 
4208 4656 117581 54345 
8601 10539 28962 23197 
23645 5501 1965 1967 
8988 3316 64978 56944 
8826 6285 6271 5236 309 
4800 10513 1997 22926 1388 
2268 1232 6349 6356 
1936 57176 1917 1933 
9322 10142 23048 10460 
1462 2199 2200 176 2006 
1743 10298 2314 4967 
2146 8726 5694 5252 
4666 65991 8975 9540 
10451 391 398 10788 
9191 3795 8498 
3516 27044 9541 23013 
56144
51608 826 4733 5589 
11052 11051 79637 253980 
8470 10211 22839 27 
9410 4105 5202 24148 
7150 6421 10210 5725 
2308 3202 3170 145258 
5329 3689 3827 
11200 80198 51659 146956 
56654 7027 1876 1018 
1031 4809 54814 64425 
1072 26292 3985 3984 
7277 2026 84103 55147 
7155 916 11073 917 
29903
78987 9551 55207 9128 
1493 5525 942 941 
2246 2260 2264 9965 
10575 59 9468 
22999 831 8927 23025 
7094 6401 3672 4146 
7295 10628 10468 27033 
8805 6879 4306 51592 
2048 1948 2043 6259 
4023 5775 6142 4192 
3164 5349 26135 27330 
10381 8874 9741 7919 
3836 51366 1434 5897 
4000 4001 7112 
4926 2036 8658 10121 
1020 8851 5127 
11243 79980 25936 11130 
53918 9131 51495 55215 
58500 80817 9025 51361 
4692 3192 29956 4925 
8575 5635 5634 5723 
9063 6775 11315 64800 
1439 3562 3563 1154 
302 6281 56302 1508 
2634 27252 22929 10342 
27332 11059 11083 23558 
5318 1828 1823 1824 11187 1829 
57787 4628 4134 4627 
57510 8021 10955 10945 
990 26993 5681 28227 
3329 217 8349 1719 
162 23523 63971 9685 
7025 23426 3670 64919 
5927
4773 3662 6778 
7014 54386 26277 
84687 1813 150 152 
5528 9464 9421 23493 
81488 8525 6130 51751 
2624 161882 8940 57680 
2778 10606 112 7265 
3189 311 11040 4714 
8682 6197 5826 
54507 23549 59277 117144 
5452 7296 51022 84988 
10919 3987 3021 1316 
5910 3845 5294 4893 
10006 55740 54869 64787 
29993 29763 11252 
5092 9149 775 5053 
57761
8764 8741 56886 8740 
10140 29883 4093 10766 
2 5047 26085 9510 
921 939 817 6222 
317 54205 51074 84313 
55294 23204 25870 84894 
23365 5364 10507 9826 23654 
11171 84967 2688 4048 
6790 6867 51199 6648 
2886 2047 27289 259215 
2972
10040 27043 2747 5822 
1231 6354 6357 1238 6355 1230 
84062 23647 85359 2647 388552 282991 63915 
9905 54857 6230 1951 
471 55698 51103 6626 
3737 3739 3736 3738 8506 
10580 3636 3642 2318 
55662 79754 27130 140462 
3163
3848 1475 5266 4014 3713 
892
5783 5586 1947 9411 
5467
51678 1785 51429 
5863 5908 
5588
9967 7123 56925 54726 
1912 1911 51460 
8487 79833 79760 51280 
5689 25778 23178 3093 
4793 28512 
2889
30836 333932 255626 1791 
5870 7879 1121 
57332 6015 4298 23492 
54474 51421 9055 9470 
6721 3638 22937 
8894 9842 1983 
9043
8614 23589 4185 55701 
29982
3726 8061 10538 57658 
1958 5307 4664 4665 
9804 335 7350 3931 
8554 4599 6670 55576 
5608 5606 5330 9344 
5195 5830 5194 5191 5824 5192 5193 
3198 2896 26511 9404 
10200
10036 8208 25842 
54700 9013 9014 
379 6638 5223 27436 
2122
1308 81 667 3691 
23097 9821 84073 6432 
8417 9342 143187 9482 10490 8674 
2888 1613 80351 10841 
55722 147687 3507 9825 
8625 4795 5993 4261 5994 
6625 6733 6732 51747 
688
80824 5602 9467 1843 
51567 943 944 9208 
5757
5592 7138 4659 4660 
59341 9053 
8751 10459 5980 8754 
23214 1729 
338 633 4547 10952 
9448 2635 
22841 8766 84440 26056 9727 9230 57111 80223 
9587
10190
3205 5087 4211 3235 
3339 284217 5154 9982 
10750
208 8115 9623 4515 
967 5738 3109 3122 
392 149428 663 
1978 1977 54921 1982 8569 
4856 3481 3685 3630 3490 
6383 3082 3730 1437 1438 
3191 5094 9732 
9189 26086 5973 11321 
1280 4099 1297 
3949 9784 10053 5196 
10127 51684 55663 
1831 51440 113878 23413 
8761 22822 9045 8664 
5803 7143 1463 6900 
10370 7020 8022 7022 163732 
23265 60412 79882 84816 
5049 92609 6175 57455 
2147 710 2153 3053 
56647 50618 832 8341 
7159 7375 55052 805 
4094 4097 3238 
597 638 8739 666 
1191 7436 64386 730 
6871
5481 3326 
4869 23075 
8499 8496 5793 6275 
8880 10658 5473 1942 
65990 55692 
9093 348487 9278 80196 
56893 6310 8883 9039 9040 
10084 10907 5454 3185 
9101 10254 10193 55611 79589 
51545 84445 
6878
79050 22978 29922 79817 
59349 54458 124460 11275 
466 2551 6928 
10055 6672 10054 
6642
25920 7936 7469 
9252 1950 5600 
8697
126961 58508 4678 8357 
80279 400 65992 23376 
1676 51643 8925 1677 27141 
7507 29935 2074 56949 
9140 10291 9474 3615 
54544
1441
10197 10169 3707 583 
4255
9721 10253 84767 9810 
4715
23607 829 7827 
6125 9670 27250 1984 
2002
3556 3554 59307 8809 
54476 7099 54106 11065 
541468 164127 153733 55565 
2063 7026 5916 
4841 760 30834 55269 
55660 51186 6066 6060 
7709 3101 10464 3487 
79595 51742 
92610 27111 51538 222389 
51236 55937 54802 254863 
5892 117159 7516 5889 5890 
10746 5607 9047 
8471 11188 
8535 6045 7024 58160 
1454 5187 8863 
6430 1859 81669 10250 6429 
8031
1793 9844 
8106 3842 11080 10498 
79869 3275 
51324 51076 55122 56474 
645455 127703 79172 148223 
4194
8079 9391 51647 
10270 276 727897 8165 
1363 26073 6092 8991 
2697 1453 2700 2702 
64780
9212 3619 151648 55143 55920 
79959 1635 6297 83637 
7832 9337 23019 
4084 6945 51085 22877 
5104 3817 49 3818 
5163 1737 5164 8050 5162 
430
8473 9158 10717 4282 
5880 1794 50619 23463 
6935
10849 9533 51082 
2923 6513 6559 2995 
9343 10594 
5433
3178 8570 3187 58155 
2203 138065 25900 64430 
79734 474354 201965 
8721 10062 2494 
55068 10495 
96764
2241 7110 26052 
8792
23291 56475 
51719 55096 10295 92335 6794 
27240
10013 79885 
5036
5530 9495 51778 1827 
6204 3092 55081 9232 
83737 6338 23327 23072 
51466 322 57556 334 
9531 26353 9413 27129 
8458 10015 4931 1810 
60312 5582 70 22885 
8313 22881 
133522
859 5213 57158 6546 
3488 5054 6696 8038 
7182 126382 
30818 1390 57126 947 
2512 2495 84651 4496 
2950 7052 3840 56902 
467
10063 84056 
2280 6263 
9217 112755 6843 9218 
8631 2533 
6402 3075 5420 50512 
9221 8161 25885 10541 
6549 11261 63928 389015 6550 6553 
54462 8481 
7410
90627 8887 3156 25893 
2120
11113 390 389 388 
5720 23326 5721 124995 
5423 79101 79661 3980 
10900 5912 29844 9693 
6452
1891 7076 4312 4314 63827 
3839 1104 26240 
22803 23435 1312 1797 
9971
558 2621 23371 10461 
56243 56915 51013 23658 
80228
3608
8835
8780 808 4651 3785 
80145 2806 4350 2192 
4802
1877
10477 9604 7324 7325 
5427
9530 8718 9966 8771 
699 8480 22914 10870 
7003 51442 9686 7004 
4189 4637 23539 55312 
22927
7345 7316 26994 10617 
3550
7029
6095
1969
64837 3800 
5710 5886 11228 4287 5887 
9181 8936 
4145
57122 7175 23279 6396 348995 55746 79023 
6840
2893 9463 2897 6531 
293
5077 4223 4222 5075 
55806
3324
10134 55973 
10016 93487 23593 553115 
7334 3553 7335 171392 
2115
6428 1105 140890 9169 
51529 29882 
4916 4908 
55333 8871 
9325 56961 
6132 79096 6487 11165 
11135 79109 
6000 10681 5310 2788 
50944 6752 23266 81858 
4058
81890
5264 8533 2157 10920 
5709
26959
7376
10614 3352 3350 
10044 10278 9627 
2209 325 2204 2215 
10642
2049 1949 54933 
10363 54997 10743 55297 
6208
84126 8914 100125392 1408 
22795 1282 5549 3915 
10771 56946 
6362
5413 23176 5218 5414 
3895
9446
2287
23164 54776 
5688 7077 4323 50859 
79711
4801 10153 
11221
5795
9188 8634 6144 
1314 11316 55738 8402 
1271 3977 23529 5008 
55178 4913 4521 
22920
6662
6612 59343 
5893 51002 112858 
288 3746 169522 3747 
4437 9156 5395 
2638 79577 8029 57095 
394 8153 91544 154313 
3107 925 3804 3803 
3175 3169 
6621 6617 6618 6619 
4435 7021 
476 5348 481 
57120 9311 8678 1182 
6760 8028 8089 22832 
7384 58477 7385 
1875
4641
3570 3569 
642 7204 6159 6135 
51008
7320 56852 23304 7319 
339448
4224 5741 623 4852 
162989
1174 10890 8906 29927 
84289 2653 89797 
26151
9643 5306 9526 10654 
9519 2958 4700 11021 
79753
10551
8793 8743 54 4982 
9141
8237 9338 22824 6747 
9231 84280 
864
55734 23281 10733 79027 
23163 377 9493 4074 
5293
5426 8859 23532 2030 
6613 84676 26168 84675 
4356 84273 339230 6187 
22933 6301 2997 196374 
6997 283 6050 537 
6237
8626 3182 57466 
10422 4620 63891 
9921
5079 7091 
3084
8733 10026 51604 
27101 50818 6674 7504 
4068 4063 8832 117157 
10313 9363 5780 7357 
962
5527 901 5526 
9699 5865 11069 6833 
9270 889 1612 
51138 1102 
3211
238
6047 23598 60468 6942 
22808 9771 51735 
6249
51726
4168 10188 
7283 375686 55835 54820 
114034 55324 7802 22985 
55728
10114
8541
29080 26001 
8804 3482 10226 9367 
55823 57617 64601 65082 
5825 10857 4232 215 
8239
55929 9628 8725 11075 
3561
634 1088 
1814 8777 54102 5962 
11157 5425 
780 4071 
8683 6434 8446 9406 
80022 55191 
3383 3684 3683 3559 
84612
4860
23581
7137 51086 7134 5311 
1943 102 2045 1946 
6717 25801 310 85365 
23524
22934
8073 26505 2342 26504 
8027 1678 
29109 6048 23613 4012 
1731 23157 10801 4735 989 10435 
54101
3784 3753 9992 3757 
10045
5877 376267 56267 
8347
9939 55110 1801 4116 
4853 182 3714 28514 
65220
8553
85439 127833 58513 3267 
1909 2767 1910 5998 
664 4686 8834 665 
7412 3681 6367 6361 
8065 6923 9616 51130 
23624
2935 2107 255967 23708 
116985
785 773 10607 9478 
85358 9228 58512 
10808 7317 5230 83658 
2902 116444 116443 4536 
22871 9378 9369 57555 54413 9379 
8544
4843
10741
4133 4747 4744 
10488 7851 
8892 8893 8891 8890 
6016 6018 6014 22866 
2321 25759 7423 5228 8829 
6845 26985 8943 
4303
29070
28965 8794 359845 
6183
185 57085 624 186 
3952
6431
226 529 51606 229 
6737
9129 9733 84705 84661 
6687 22913 284403 
8048 197257 
91653 50937 
57664
5450
931
1045
8519 1380 7920 2208 
26039
26958 1812 100 134 
3394 3659 
147179
10775 10940 54913 10556 51367 10248 10557 11102 10799 
19 7508 1069 9814 
4988 4985 
3676 3964 
51191
8986
900 2580 5524 
971
50649
9815 27445 
64112
10497 6712 8448 
151254
22893
51657 6235 25814 30844 
2737 27148 7545 2735 2736 7546 
10168
7433 6343 6344 116 27151 
7982 9372 27231 9499 
5438
23385 51107 55851 
1991 5345 388677 1992 
10938 30845 
22821
9522 10066 11276 
55922
9451 5611 5612 6789 
2168
7278
10238 8445 
3760 1815 3762 
1959
5753 55620 
79039
4803 6272 
23092 29941 79658 
6098
1052
1008
3251
4152 55729 
1846
1861 1717 27348 29097 
2040
650 25928 4256 652 
114088 158345 
3835
55758
11269 23039 23588 1633 
2159 5271 7035 2155 
57492
53635 2039 10544 1783 
54810
10787
9124 140901 
23673
64754 9931 26751 152503 
554 114897 
6470
6693
3117
55233 23012 7260 8560 
727 718 729 5199 629 
4846 2983 115677 2977 
79576 220108 8241 
22861
7181
139716
115352
6203
27097
83933
10243 2617 23229 2743 
79886
5460 6657 
10762
27429
7164 7163 114569 7165 
11337 8408 7037 23192 
10982 22924 
51517 81624 
6678 5155 1281 1289 
5493 51535 23254 2125 
3884 55111 80303 7062 
1825
10019
55829 79139 6288 7353 
136319
57088
4131 4130 8139 
1674 4703 23336 81493 
5134
2081 51347 
23360 3930 
10318 286514 126626 23424 
4899 23764 5660 4779 
824 5798 57731 5799 
5805
25873
23389
2034
5291
6767 9398 93145 
6884
56904 339965 112869 4100 
10009
10592 10051 9918 
57716 1821 
51593
151987 261726 57223 55671 
6169
2038 6521 762 287 
63898
9466 10148 
2072 2067 84993 
7156
57048
55591
6001 2781 2139 51804 
23741
6873
79705 4069 158055 4057 
79843
55285
6358 10212 84324 
51619 56658 80019 10611 
1840 151636 83666 
284004 54936 196383 5662 
29959 5881 
4316
10039 10797 
5771
4968
353267
3217
80304
55809
55888 51282 54925 
51412
1725 6133 56648 6188 
4762
6934 51701 
694 3219 
6897
10629
7070
6745 1736 11313 22955 
51102
64210
2042 1944 1945 
25988
5923
115557
23263
1294 3914 3918 
26747
7435 905 125050 
10282
27339 5356 54504 10286 
7005 25937 
55227
57381 81704 
267 7327 11151 9958 
6199
65080
3384
2667
54822 4155 5331 5354 
682 6566 9122 
3758
2783 2790 2782 2786 
6196
401
11067
4438 7411 27030 4439 
140885 23321 
23616
27125
6496 8013 
8526 10726 5160 
2664 81876 
27232
51319
246184
79444
80254
5313 9459 
9690 23066 4849 4848 
283518 91056 
64857
80852 1464 
60682
55437
2872
5076 22976 
6280 6876 
57649
57554 1501 23037 
11035 148022 
9099 79656 
10563 2826 643 2833 
8543 10522 
56924
3673
4153 10747 5648 2220 
9454 285527 
4983
5813
974
3459 3458 3460 
26136
1780 6990 6993 1781 
10666 5819 5817 25945 
3843 6728 10526 10527 
6311
8495
4836 51475 5534 56344 
60528
3385
79596 7268 
28954
23633
51295
5996
3858 2733 8409 9631 
6284 3552 10456 8527 
5562
24137
4288 56992 84557 
9267 26034 9595 10139 
9568 22809 2550 
23090 1879 64641 253738 
3852 239 10221 
51655
6233
2892
55048 51160 79720 137492 
84174
10935 9175 
23032 1734 10868 
1295 1296 
9150
23414
8497
29899
10236
5913
10469
1264 7168 4640 7169 
4049 4050 7369 
4646
60561 9183 53407 
9709 965 57519 
6520 23428 8140 79850 
23495 819 10673 608 
5905
55577 1602 
429
1153
54107 54108 
10081
2705
23582 55713 
27131 8218 
6217
23559
5361 29984 4884 1730 
23140
157 1233 6348 6351 
6299
284119 7270 7031 7707 
6207
10092
10859 3134 10288 
5718
259 213 5544 2217 
80725
493
79042 116461 10978 80746 283989 
5464
5504 22853 4751 170482 
10579
728642 2683 6499 57018 
5784
6915
23165
1845
2672
8604
10432
6191
2899
6340
63967
51171
5801
8189
1650
4066 4004 6887 2625 
4638 23209 5593 
26119
5116 51143 10426 10844 
2913 5494 
8935
3958 3959 
5828
79718 8370 
10902
2665 5862 196472 
143425 7442 
9569
1394 1392 7349 1395 
8036
29969 6898 
79025
11336 10640 
100133941
11178
10249
8813 8818 54344 51227 
5529
5711
55161
64129
5287
23286
2905
55802 167227 
55720
11079
10158
84665 27063 200539 10529 
27161 23405 23112 26523 
81631 84078 79686 
65057 25913 
5297
818
2804 25855 64746 
8099 3493 3494 
7275
9044 4597 3313 
10603
7291
5298
10807
10228
6655
3745 3756 5791 26251 
84867
25902
27343
5066 8997 9182 
2011
2037 2286 
7257 57326 7247 10438 
10146 9100 
83461 58190 
9475
7494
2971 3579 4645 
1033 932 
6532
1642 1643 
8600
10133
201176
51079
81928
11128 55718 
4141
3281
8985 285596 
11124
64689 7039 10959 23423 
768
5683
55037
118924 51699 9890 79020 
80764
5797
308 1300 
5745 5744 
26064
6164
399 397 
5926
10566 8852 54763 53340 
1525
55095
6286 177 170591 
80153
84733
51667 10537 23746 
27018
506 91647 498 
11034 54434 6238 
350
5605
5631
84260
10514
3195
57542 57333 158471 
6671
197 26232 
1816 2566 
6627 6629 
163126
9542
84970
4041 8325 23184 4040 7471 
6278 2171 
116986
10772
7597
1663
3832
3655
6741
29789
5878 55644 25777 64145 
23345 4593 
9246 7706 25897 
8899
5523
157310
1175 10721 
23299 1468 284086 1447 
705 10024 7216 
3965 6510 
79768
2917
7490 9589 
6141
10480
57489
6492
847
11183
10130
865
10450
64422 10533 
93986 27086 116113 
56252
8227
50650
84817 5020 551 
65989
3886
6641 6331 
4018
51776 7581 163081 
200081
3695 8174 
4311
283455
5693
6813
80025
266747
6868 7078 
10587
64407
171425
29123
4147 8785 4148 
7556
11267
7750
306
29904
8091
23095
136
80726 810 
11201
7351
5714 51377 55559 
2791
6749
3298
7221
50807
360
266743 9915 6493 
6904
5013
5537
2167 26578 55256 1629 
3087
2069
6548 23043 
9706 8831 
2909
79706
9185
1820
26271
8078
1345
57050
256364
9584
5479 5617 
246329
8930
3002 5551 23574 
4354
4729 3431 
56160
7352
6901
79801 221302 
9961 143 
445
899
1514 6317 1513 1520 
567 3133 3824 3821 
5317 3861 
55140
1070
7167
54457
1476 1471 1512 720 
10095
23677
200523
871 51621 
29894
29978 6782 
56000 29107 55916 
966 9437 259197 731 
3661 5052 3663 3665 
11193
79026
4150 2186 
114836
585
23392
5144 9472 9659 5141 
1396
84441 1444 55534 
2103
64773
7314
1244 79849 2984 
414157
28620
3043 3250 3240 51714 
9908
4990
79948 5069 
10125
6156
6328
1653
6764
192111 3304 
8853 9238 
55127
79077
3587 3586 3588 50616 
5691
23193
6234
92595
66036 9108 9107 55613 
84844
3581
2324 7424 
1435
9377
940 10233 11072 
2571 2572 23498 
64170
963
51616
9314
9833 90441 
2213
5110
26289 64710 7358 80128 
2101
9425
2295
3973 1081 1082 2488 
129807
7913
92815
50615 3558 59067 1606 
8565
6136 51194 84812 
27113
2023 6399 1192 1193 
117854
3978
25888 90933 7753 134353 
23370
9203
3606 10068 
55014
6010 6295 
23551
10131
41 9399 40 
4892
9994
55966
51760 29082 
5603 2257 
26047
51206
79696
54973
79890 5869 54453 
9113
1313
55165
6282 301 
799
51582 4947 
7419
9747
112840
55684
220082
4335
6442 6443 
488 5350 6588 487 
57591 93649 57496 
5743 4924 5742 
10615
7097 929 7096 23643 
3674
5570
7178
55054
57099
4352 11273 
26146
22883
5794
83700
10397
2671
10436 54977 80345 
491
63925
84271
94120
54815
10000
83988
7553 6129 
94122
2554
22919
221692
4430
55035 10670 64121 58528 10325 
10151
196477
662
3751
23244 10735 
9242
203
3624 25884 
2073
170961
3872 140807 3853 
10059 51024 
28977
5279 9091 5277 5283 
83746 64769 
80333 30819 
5786
26984
689
6223
5443 4160 4161 4159 
54778
6647 9973 
2764
10213
2029
2339
54932
7373
4342
2309
54910
140609
5629
8870
27178
4799
6940
6360
3069 11260 
84893
9532
5778
10608 140290 
6165
4763
7054
55795 7979 
3777
10268 1318 10266 10203 10267 
291 10105 
60436
8462
83931
6231 90121 
9321
117143
5122
57113
11168
6653
23462
27342
3741
23042
10309
6342
8439
4207
9570
125170
7625
4776
134957
55661
8926
2562
55330
10933 93621 84148 114932 
7511
8856
26525 170463 
22797
29992
3213
3234
64714 283208 
10815
575 8938 
11189 55084 
1298
84100 10550 64225 151188 
6305 8898 
4318 7058 6372 6374 
79641
4778
10307
340205
1164
80739
64081
1160
4076
354 5265 5657 
89876 5577 
388324
8433
6759
23256
5685
381 27236 
25978
8407
3237
115265
25998
687
3223
9649
6242
93185
1617 1618 26528 
359710
64699
1122
9779
51375
427
3597
1131
5498
5936
9590
84285
11116
83858
55284
10922 7072 
80028
1073
3437 159989 3433 
116225 26061 
10598
23313
11006
3236
54874
10260
55743
4929
9970
3232
5316
1431
9088 55240 
3903
2162 2165 2266 
11325
1777
150684
8784
8338
387082
6863 6865 7032 6869 
3430
26031
4824 25803 
6002
117178
4782 4781 84298 89882 
10376
3354
81559
1975
25792
50511 9985 
253714
65265
9371
53405
5257 54976 
51527
2492 2868 
5965
9712
5567
339175
3925
5649
51298
4502
5211
53981
7305 10326 54210 100132285 
1009
2834
5787 4897 
5686
3604
23678
203259
55210
122786
23022
11127
4111
2005
204851
55909
84154
9061
30846 23301 
1059
3358
147945
3625
23139 54825 
2160
84515
57576
57159
1665
6944
10487 10486 
7538
3595 3594 149233 51561 
7301
6347 2532 2919 
65264
3233
2044
2992 8908 81786 
25816 7803 11016 
9912 51155 
1406 130951 
25911
463
7145
392255
89885
51004 415 
54906
3266
23396 138429 8395 83660 
80007
51548 2001 6210 
4589 79623 56667 4583 
26060 55198 57403 
6168
10017
7114
84258
22944
7049
10602 7372 
6124
84707
4698 4707 
30001 23071 56605 
2706
4103 7381 140691 150483 
57003
4543
23085 51560 10112 
10083 64072 
24139
347 336 319 5360 
2627 10365 140628 
199745
3682
1004 1016 
26259 9820 
23474
23560
1032
9355
3916
9578
6590
55561
4921
2319
10049
2876
10043 9765 
57325 1466 
11011 9874 
11334 987 151246 
9867
7171
64834
10914
552
5068
121536
9326
10466 25839 91949 
83548 9382 84342 22796 
4481
639 7089 7404 
27102
1361
4486
57192 79939 
58494
23774
79171
4758 2720 5476 2588 
8882
51573
6252
10825
29108 4210 
3656
29113 9899 8128 
5457
174
84878
7399
7417
3184
9785
90070
153
4879 4883 4878 4882 4880 
6505
1013 421 
84838 64324 
9637
51520
11066
5284
55844
79876 327 9798 
9180
816
3216
3035
55342
10060 3939 3767 3764 
5774
10641
81848 7016 
167838
11099 10749 
2000
27304
8463
7071
984
55024
2078
6404
22888
51157
3537
23406 240 27170 
57154
5355
5028
1644
3208
8537
5456 5455 
9097
7447
64284 79643 64359 
80308
134510
1158
81027
2046
11133 7102 55846 
5866 9807 117177 23016 
728
23583
9546
79137
1149
1998
9545
219844
79622
9585
9989
10471 5204 
55848
4254
9019
55599
3104 135927 
5510
56907
54704
55004
2152
4508
11216
51059
4661
64599
26058
85406
9498
8689
64151
57546
9739
1968
7503
6128
5321
3565
1448
84904
4601
50805
9817
154007
27242
8550
85021
1571 5447 1557 1544 
8572
85437
56940
57491
8030
9735
1176
54557 10742 
8864
6770 3991 54535 646480 
84141
26610
51400
9419
7105
404550
59286 57396 1196 1198 
1327
222643
3036
79075
58487
6240 50484 6241 
55103
51147
50488
5045 55690 
2745 538 540 475 
93436
8452
8514
924 6398 55361 
1325 6753 6754 6755 
111 108 
25876
114132
55954
5789
7170
1830
30837
56479 3786 
3221
55209
10973
5090 3218 
3099
147011
2819
83897
3763 3765 
55157
10406
1906
113130
1939 43 3074 
57578
3351
25796
4082
3112
10994
25844 84272 
231
4102
8263
25766
91419
79005
79690
4650 10489 
605
1687
771
11153
80349
23390
25764
5063
80700
196441
5699
81873
6668
126823
31
29072
22900
55884
5575
2273
923 214 
57109
56906
3992
3356
6184
79663
51363
10021 348980 57657 610 
55186
11074
677
1615
83759
7763
54206
5167
7429
51274
2056
220136
23770
50813
2906
5396
23185
6277 10910 
53339
133746
245711
55243
1656
84287
8715
81620
6385
54552
6495 2138 
23051 22882 3416 
80152 54505 23761 221955 
51806
2734
54540
825
56342
4817
9087
23705
374659
22916
140461
11144
60489
2104
3921 6227 
4225 2520 5697 1356 
2263 2252 2255 
23568
94241
7290 27247 3017 8479 
8637
56478
64965
7140
8888 11164 51259 56943 
51341
2281
23478
3417
8567
1382
10431 10245 10440 
115207
576
54926
3241
10817
7355
9924
3024
5509
200186 23235 
119
5837
10002
64328
56751
115817
84335
7010 7075 51378 
10769
94081
10714
84218
3575
29946
6387
387338
51773
5977
79574
54937
23270
6631
64332
79931
79169
6744
5429
10411
54165
6523
115827
7360
9550
5208 2645 2646 
23149
10076
793 3612 
51132
945
57718
9701
333926
201294
57060
150472 1892 
6103 57096 
8698
57827
54442
80149 51327 
114790
56034
6514
5514
25975
4197
55622
9423 90249 
9572
10558
10677
79156
130872
63875
3908
84680
26148
875
57147
10953
8703
1607 26167 
1006
5324
326
3475
64223
7799
10038
5358
57338
64398 10207 
7464
10643
23243
716 715 
4726
84950
55272 10199 92856 
5136
23411 3280 
5876
6046
56001
257218
56241
8120
5093
1490
800
1329
2197
5937
84337 55322 
220164
147339
54431
25925
9682
54840
84832
9950 4952 
5055
54957
5678
1728
79132
27158
1609
6820 130540 
1015
23076
874
7043
4237 1285 
326624
114783
25924
22870
4201
60401
7755
10138
116840
55258
10632
29119
3854
83439
5724
441246
9082
114823
3906 333931 
1268
11266 114785 
375790
8675
56853
23352
9839
9179
6603
157285
7326
55715
55224
23086
6138
6422 54361 8323 7472 
6727 6726 
2272
10124
55013
22906 66008 2561 
1007
1005
9894
151
51651
1291
85445
7090
128866
79092
8436
11198
23122 7461 23332 
144455
2221
7336
10627
23059 51550 
84516
10126
51068
55803
6742
80851
51330
6329
92070
6202
2596 5333 
22899
3929 3078 3664 
3975 5015 
57642
10472
51389 1819 
56937
128229
164592
9388
54407
79780
4704
342372
23138
54602
5320 5319 
221016
1996
833
1036
10135
8727
128312
27238
9662
9586
51764 346562 59345 
94
23077
84330
83638 7458 
6536
8711
83874
64061 10716 
1134 1144 1146 1145 
100131997
89953
143379
90019
79446
4607
81888
57630
23225
7403
23065
9075
80010
51422 5565 
26508
6441 1755 
23481
9774
55177
26121
5624
51247
9863
617
6949
54892
11176
6529
11333
10814
7195
5378
23648
9782
3698 10653 
221037
11339
151888
6511
55502
525
8744
26100
489
9066
23246
7517
64115
51654
54903
4956 6676 
55120
126298
8516 255743 
79840
85363
22930 23335 23312 
138474
57559
11062
23017
8505
1043
84331
1124
9060
1139
196549
55109
1994
2689
220134 256369 
1340
85440
6827
56897
103
353
83443
51639
4986
4548
2803
9601
129685
85464
25837
54843
10988
2219
23208
10332 30835 
153090
285855
7922
23786
11129
25763
9265
55813
388697
79960
3466
4909
3161
10078
79897
4291
9877
9152
961
83734
51510
8905
4191 5091 7453 2271 
7975 9603 
11092
4653 118427 
116071
1366
5990 5992 5991 
55030
54922
117145
5475
51073
28973
51071
57082
10927
90957
30851
26235
131408
22931
81605
10970
7841
10972
3990
80781
23521
23303
10335
64582
9401
92285
79098
22980
118426
5025
9512 2395 
5004
54555
8548
57549
9133
1443
6323
387923 1152 
7745 7727 
56652
22911
25820
5190 55670 5189 
56993
12 64215 
130617
51705
59269
29115
340390
8424
23420 56926 
55627
22974
10644
1123
11219
3909
6738
2250
55742
54938
55355
55503
2202
949
23659
9770
11343
94039
57708
2744
26234
81847
6137
4162
51172
55201
27352
8324
3772
79872
1760
6472
78994
160140
22828
80174
8728
11277
8612
7568
23310
29889
9787
4835
79142
26354
553
7756
79892
7259
4731
3754 170850 
4610
7284
22898
126133
114907
56963
57540 10235 
83939
25836
51058
79095
81557
23517
92342
10763
3938
8493
80212
5872
63935
57045 8646 649 
5009
4613
29970
4343
5715
84962 6506 
347733
2205
83459
6146
64946 11004 
5470
8941
3781
1482 6910 
6300
123887
26469
8045
79947 4535 4015 10577 
7356
3933 55716 
23111
3001
8321 7474 89780 
51503
26012
1854
8924
9647 84140 
7135 9033 
9882
84631
4603
83855
29997
85456
347862
25825
1847
79012
2660 10272 
2051
404672
23154
5790
23294
2944 2946 
2224
221937
84105
51133
386724 347902 57463 
29098
90268
4642
151112
7162
414301
10163
80021
9704
10516 4016 
3096
10549
4796
93974
3885
8789
94025
29085
7867
149483
163702
2312
3150
286204
27042
91522
7011
653509
115761
126070
5669
3508
117246 4115 
83899
29907
116349
5800
54663
132158
10802
55805
51686
54461
84256
63941
130013
25917
4524
1979
64776
9632 10483 10484 9871 
9841
3557 7850 
80237
81932
9315
1603
142678
5627
83452
29057
57763
53616 9211 
7311
10847
55142
80318
3491
8778
9695
85345
6836
317772
2254
8337
644815
54739
27156
55793
15
65125
10525
53335
10570
55003
92667
83706
128
51700
4520
8515
114908
1528
3050
527
84701
2253
1627
10939
57409 55308 
9987
10420
202333
3882
93663
146059
6253
27190 55540 64806 
8788 2619 
10991
65993
65059
473
5152 84457 
2911
57622
29086
51111
7306
57715
162681
23564
846
5947
23381
58497
87171
9026
3998 90411 
10072
58157
79763
10552
378
84033
22902
7166
95
23512
2793
89
3206
154790
154075
8215
926
85477
55697
2191
774
2592
51081
6224
10069
83900
9497
10730
10280
6888
54927
56997
89790
84281
389692 3651 
5226
6659
7064
23369 340719 
23710
10693
3632
11068
5692
3589
1537
63943
2618
5304
55621
337972
55749
80790
28970
79159
55819
134265
9887
374
1611
55566
64770
6447
10612
116369
26580 85027 55266 55850 
6096
84171
5818
3680
83990
55108
11213
7288
361
147
51316
51067
90417
6173
54737
11224
9253
58509
22987
113174
1203
2214 952 
2800
57619
126282
3273
2817 9353 54538 
30062
5132
9855
142680
10675
959 922 
5445
9349
9444
10231
23094
5644
80230
92170
64708
9296
84726
8556
2307
374454
55553 64105 
286826
9788
8558
9588
5621
8605
83547
2245
7746
4682
261734
7881
5569
9748
4008
60485
6102
10892
2019
387893
54902
84984 11158 
735
2882
10620
79080
26960
10430
51231
55619
10664
57584
30811
10597
5089
51388
2675 2668 
9502
5021
59348
440
116085
54541
3813
10765 5083 
10848
59339 59338 
23431
6583
10181
3898
148170
6568
4139
55861
4898
4935 8801 
55726
2331
10635
4942
55843
1412
7056
7541
84759
2201
22843
4922 4923 
25824
26092
6955 3123 3108 
54477
8224
26037
5256
93611
9829
23172
51106 7019 5442 64216 
2004
7432
4302
51168
8968
51455
732
22984
90594
7009
3892
9445
84872
5972 79047 10159 55062 
22905
23293
1811
5655
83444
57038
84725
81618
23328
10572
5352
64333
7293
1062
27237
338917
54826
3306 23640 
8100
3577
9064
79856
9919
8508
91010
9332
27067
9069
64843
115704
80262
81929
6943
3290
26502
4052
10023
27031
5739
7542
8187
84224
11346
830
8974
342184
6604
7984
9824
4681
23348
26298
5082
72
10345 3270 845 
148867
135
1058 8352 
6366
6318
10913 128178 1896 
22943
84951
53369
63970
5695
1641
23475
79800
11278
6364 1235 
4886
9853
7775
79370
113655
7849
11036
646
112401
55680
8875
10360
8507
79803
57097
1284
8190
8534
51599
51465
1880
727851
6992
7374
9828
4881
7036 3077 
11283
27132
4026
8396
4673
53916
9984
23418
11063 25805 
8910
51266
83955
26521
112476
5269
80331
55280
10327
8735
113675
85465
55226
157773
9847
257054
9683
2563
5276
64777
5557
65061
23608
23410
2194
22918
27095 51693 
51477
51506
79004
2258
54867
80895
4542
11145
56673
53904
143684
6494
5583
55023
6451
4953 64343 22994 
80018
9975
3028
50717
2161
51182
220869
972
3032
54882
78990
2703
10588
80705
54475
1545
79002
8450
8291
23161
5696
6274
51304
10106
4319
5119 80856 27183 
57862
4855
7100
4920
225
3567
1995
55249
58475 3155 
372
5270
91977
25960
146849
2170
3371
54830
167826
6608 5727 8643 
1652
23126
10244 200576 
9694 51016 10328 
11180 23580 55632 
4598
11319
9073
64949
84206
56957
10590
93643
4317
65997
29780
23511
65108
11103
25782
85417
283238
5458
55703
84766
10687
9925
2812
183
134728
79991
9360
22889
22983
23190
84191
6576
51660
79723
55329
2355
5950
1047 8759 2515 
51025
116138
163882
26160 89884 
84628
9074
10581
25957
2831 256933 283869 
84570
9134
10874 10316 56923 
27443
9615
1378
55374
8528
1002
4322
10398
84277
26152 23412 
171568
115950
1113
3268
10428
7593
2207
11026
7139
58490
57532
51728
3658
767
79624
57822 79977 29841 
3439
3779 1179 
8934
7579
51196
5274
885 887 886 
4723
2206
56259
3792
56927
5365
754
1503
5568
23533
2822 337 
55252
6363 1236 
23283
25941
4649
323
26262
3484
9380
2814
9354
10052
1364
1048
55000
57019
779
3709
2158
7294
1063
10099
1071
10934
55638
7781
435
135112
3440
8895
64396 100101629 2577 
55741
55011
1511
150921
83756 80835 80834 
3514
483
9630
7098
79937
9832
6368
56938
51569
5956
10007
125336
3489
57541
147700
55679
3593 3592 
51454
157638
121549
22950
6663
50861
9892
9793
81570
25977
2967
2622
515
10845 8192 
51364
51652
414061
4267
10691
254887
4677
7449
7439
2920
6039
22884
29893
51552
85403 22936 
94103
10569 53938 
25776
10630
92822
54764
151056
54900
6326
7547
813
57502
5007
392862
155
79094
6483
84231
1486
120329
23
5619
64432
6181
79187
221458
9241
8355
4289
23479
51260
10600
722
9600
23762
11082
79719
11279
29775
4580
3805
51127
5308
38
493861
57605
8796
631
196483
91782
197259
1404
3960
51504
55906
3623
3934
23223
9416
56990
6788
84920
23168
518
55501
140690
1040
5746
117156 8685 92304 
10810
2444
1675
84823
1964
64969
51018
654231 2936 
571
11078
55890
161835
25874
26750 8877 
57448
8315
151531
84433
5209
9520
79017
114548
8092
7347
3620
3098
387753
116983
22872
55596
9555
8416
56655
29994
1053
6120
60482
1161
3073 2760 
51451
4190
374291
115572
64403
2694
4009
1800
2239
60529
10930
63923
386618
2020
55837 25980 
23231
6373
54681
54969
93474
1455
9056
171546
84108
10999
11014
4283
5203
10573
285135
80142
79594
89927
4741
90102
9648
51043
2535
7884 90459 
64374
7482
51744
84219
3976
84152
7378
8815
2643
81502
81029
124930
54033
89866
23491
4927
57647
3627
170261
55825
169966
63940
51226
84991
9356
54972
8840
246175
6091
84717
63932
11311
6167
9552
11190
51187
2719
2796
22818
7466
51027
6445
7079
1745
2642
11155
84270
11231
9255
8322
6444
23212
23621
5995
83394
5125
55264
2990 1066 
7695
7348 7380 
6406 6407 
4850
4975 55859 
5376 4359 
220965
23224
4901 84922 
3790
84545
8443 8540 
4828 4829 
25890
9935
6786 57620 
54331
5646
6999 8623 
2649 51720 
8542
57586
51125 2802 
23174
1258 24 
2792
248
10330 29116 
27306
54861
23464 157739 
164312
9240 84968 
374618
259173
9187 1259 
286451 78992 
10785 4234 
9620
5161
85019
339403 117579 
6324
2787
58516
23308 29851 
23237
9808
60493
3703 7812 
64745
23386
8270
55964
3812
8731 8732 
1137
3640 122042 
26575
60496
51177
4060
18 7915 
8475
10713
119369 6291 
8729
51207
3936
11141
26207
80328
54149
147912 2140 
3196
6957
151613
6651
22854 57689 
534
28985 8562 
474168 7976 
10965 11179 
5959 6017 
26156
79870
8504
950
10768
4987 5368 
7286 24144 
11045 7379 
83853
131450 4345 
153222
7130
26108 607 
9907
10682 84650 
26297
79188
55531 54974 
10878
55262 26206 
29926 29925 
1524 6376 
10478
8574 22977 
160851
11018 9173 
81545 8609 
26254
60385 23617 
3497 9092 
27350
115650
636
92799
3814 84634 
8326
54883
2009 81875 
721 717 
154865
3802
2849
5239
10979
706 9256 
230
84221
1903
11227
54658 8708 
22826
168417
51447
284440
6161
124801
2557
4633
56945
152789
6734 6746 
284680
5128
255520
30816 8692 
5623 64096 
286075
23437
3547
5315
138311 5939 
80256
51444
27327
51614 57222 
51329
57580
84188
2235 22 
51603
79363 80199 
2785
55379
9778
25813
84775
23637
11020 51668 
838
55840
6041 6059 
60676
6209
5372
3485
5630
64421
2986 390226 
10523
2947
51322
1509
6005
4783
257313 2837 
25904
4064 9450 
1738
51061
362
494514
2013 9852 
212 8803 
55049
6370
9022 225689 
4059
50617
63894 26276 
7328
79831 5833 
10898 81608 
250
6508
81494
56984
3687
389741
7136
2641 2740 
9806
10219 23484 
7918
4495
94005
79912 139596 
57010 778 
2676 9048 
9744
201163
2862 51738 
6702
6100
51244 9775 
26040
53637 81537 
3816 5267 
9409
51291
590 8292 
4974 65078 
1041 5650 
57402 140576 
51617
2