0.5 0.5 0
4043 6653 1.0
1088 634 1.0
3516 9541 1.0
6632 79084 1.0
10048 2908 1.0
2634 5050 1.0
7189 8878 1.0
5511 9869 1.0
58533 94 1.0
23077 2810 1.0
219541 9969 1.0
4123 7916 1.0
7153 988 1.0
1441 5781 1.0
1387 9794 1.0
4841 9513 1.0
27232 407 1.0
10036 10915 1.0
6256 6667 1.0
11059 11083 1.0
1080 7430 1.0
1432 27347 1.0
1325 6754 1.0
3956 3958 1.0
79869 8440 1.0
2243 5327 1.0
3621 8850 1.0
5664 7087 1.0
2554 5580 1.0
25843 6950 1.0
6884 6908 1.0
2669 9260 1.0
10393 4036 1.0
10287 4914 1.0
113675 27229 1.0
10602 23433 1.0
6256 9970 1.0
22866 5894 1.0
10921 9416 1.0
10458 5879 1.0
7329 9094 1.0
4034 4188 1.0
660 857 1.0
1019 595 1.0
51517 63948 1.0
22981 9726 1.0
25 7275 1.0
10066 9522 1.0
4654 6929 1.0
144455 8607 1.0
11098 51399 1.0
6271 6285 1.0
1027 898 1.0
51076 60491 1.0
4176 4999 1.0
5777 933 1.0
153733 541468 1.0
5879 5910 1.0
26150 2670 1.0
4628 57787 1.0
11244 5050 1.0
10758 4188 1.0
5359 57088 1.0
116986 9456 1.0
1969 52 1.0
2670 7431 1.0
66036 9108 1.0
125170 29979 1.0
3454 6773 1.0
10282 8615 1.0
4088 4851 1.0
2810 9413 1.0
1459 407 1.0
1630 5747 1.0
2160 3827 1.0
4842 5777 1.0
7409 8651 1.0
4831 83481 1.0
8440 9513 1.0
4222 5077 1.0
5933 6839 1.0
58 7114 1.0
170506 51205 1.0
5925 93621 1.0
10200 333 1.0
1739 8825 1.0
3842 8106 1.0
4188 7597 1.0
1399 9743 1.0
7020 7913 1.0
3312 988 1.0
57680 8940 1.0
22820 6892 1.0
1911 6015 1.0
51690 6634 1.0
1024 9282 1.0
59338 8777 1.0
202559 2130 1.0
1173 147 1.0
3066 6304 1.0
3065 7153 1.0
2885 6853 1.0
1111 7520 1.0
55660 6066 1.0
55813 84528 1.0
1660 26993 1.0
3065 4297 1.0
1019 50628 1.0
4221 9070 1.0
23025 831 1.0
1499 5770 1.0
6925 801 1.0
11030 8812 1.0
1969 6464 1.0
56654 7027 1.0
2869 554 1.0
5971 86 1.0
10856 1386 1.0
2768 5536 1.0
2177 641 1.0
5982 79075 1.0
10657 3276 1.0
5327 811 1.0
27030 4292 1.0
11331 1499 1.0
5304 920 1.0
10289 6205 1.0
1163 6502 1.0
5587 695 1.0
3091 328 1.0
2316 7428 1.0
151636 7322 1.0
138065 2203 1.0
10969 7555 1.0
4172 8317 1.0
3630 84817 1.0
51295 9869 1.0
114822 30008 1.0
6667 6886 1.0
23199 79873 1.0
1051 4790 1.0
2017 55114 1.0
3866 51421 1.0
1613 5074 1.0
1019 826 1.0
1024 2100 1.0
3737 3738 1.0
1499 7048 1.0
2175 506 1.0
1665 26823 1.0
114132 5777 1.0
5914 6667 1.0
164 25977 1.0
3692 8662 1.0
57555 9379 1.0
140901 9124 1.0
10270 276 1.0
4147 8785 1.0
2769 7265 1.0
4591 55388 1.0
11007 27301 1.0
50618 5764 1.0
1445 2065 1.0
140461 6923 1.0
140807 3875 1.0
7454 7456 1.0
2130 25941 1.0
10755 4036 1.0
5663 598 1.0
3066 8819 1.0
310 6717 1.0
10001 84246 1.0
1163 890 1.0
2272 7329 1.0
2010 4001 1.0
51085 6945 1.0
5594 6195 1.0
2130 6297 1.0
7181 8841 1.0
2806 4350 1.0
1877 7157 1.0
10856 1777 1.0
339 387569 1.0
1991 7057 1.0
11345 84630 1.0
4217 7185 1.0
6427 7307 1.0
10073 6606 1.0
81620 8454 1.0
5433 84246 1.0
23612 64210 1.0
5914 896 1.0
29763 6147 1.0
2212 27040 1.0
3667 5580 1.0
4791 5966 1.0
50628 55290 1.0
23492 6015 1.0
4776 7534 1.0
26064 7534 1.0
10399 3480 1.0
11156 5424 1.0
11269 23588 1.0
81628 8697 1.0
4216 5606 1.0
3066 5511 1.0
330 8915 1.0
5519 5527 1.0
10625 5217 1.0
29979 57542 1.0
5898 5911 1.0
22841 8766 1.0
27252 58 1.0
1600 3949 1.0
5066 8997 1.0
23192 79686 1.0
4205 9686 1.0
4609 7020 1.0
10421 9416 1.0
183 2130 1.0
5584 572 1.0
1915 7276 1.0
79088 83755 1.0
5054 5328 1.0
1408 7265 1.0
56850 836 1.0
51466 57556 1.0
7916 8974 1.0
5718 5719 1.0
28962 8601 1.0
83737 8650 1.0
5499 58 1.0
2220 5648 1.0
10111 4683 1.0
10134 598 1.0
5264 8533 1.0
4110 9167 1.0
11187 1828 1.0
22803 23435 1.0
57002 57562 1.0
5516 7203 1.0
3066 5933 1.0
153733 374618 1.0
23136 23705 1.0
2149 2768 1.0
1400 3146 1.0
27316 353267 1.0
7917 84223 1.0
10480 1974 1.0
7185 7186 1.0
1404 1462 1.0
9260 9491 1.0
55177 7532 1.0
5501 5509 1.0
10320 6908 1.0
10403 51019 1.0
351 6464 1.0
3066 6598 1.0
4780 5468 1.0
11007 9729 1.0
4023 4035 1.0
3842 6147 1.0
4599 641 1.0
11066 26824 1.0
572 7531 1.0
4194 7321 1.0
60491 80145 1.0
51003 5272 1.0
2064 6714 1.0
10285 56342 1.0
2957 6872 1.0
3398 4617 1.0
6919 79012 1.0
6628 6634 1.0
843 8797 1.0
821 915 1.0
57403 7879 1.0
2549 708 1.0
5914 6714 1.0
1051 4089 1.0
672 7392 1.0
1487 7050 1.0
23054 5591 1.0
10174 27316 1.0
4140 7276 1.0
7186 8204 1.0
4771 6711 1.0
5515 6446 1.0
55367 835 1.0
1613 2888 1.0
26511 8940 1.0
23649 92797 1.0
1000 50937 1.0
10421 117159 1.0
10016 23593 1.0
2903 9229 1.0
26146 7187 1.0
1617 26528 1.0
157773 4188 1.0
1107 5888 1.0
27134 9076 1.0
10399 5144 1.0
22807 9759 1.0
3956 6693 1.0
2623 6599 1.0
1937 79676 1.0
6950 8428 1.0
1655 2099 1.0
11030 55342 1.0
10397 6285 1.0
10289 6189 1.0
2066 4690 1.0
7982 88 1.0
1153 56925 1.0
2157 3998 1.0
79096 84060 1.0
1271 23529 1.0
1031 84060 1.0
1874 9781 1.0
6169 7030 1.0
3717 6776 1.0
3708 6383 1.0
1741 491 1.0
23542 7804 1.0
5863 9094 1.0
1029 7157 1.0
10915 11338 1.0
1967 51073 1.0
1387 29950 1.0
5296 867 1.0
1026 10912 1.0
6867 9212 1.0
7186 79873 1.0
387 8506 1.0
7431 841 1.0
22927 7431 1.0
4036 7356 1.0
10891 3054 1.0
4209 9759 1.0
5708 6314 1.0
672 7158 1.0
11261 389015 1.0
2801 5861 1.0
22981 79571 1.0
1436 2885 1.0
10645 5566 1.0
2099 27043 1.0
4161 5443 1.0
10142 801 1.0
2242 2289 1.0
5837 6271 1.0
6919 7186 1.0
595 8202 1.0
4738 8451 1.0
11007 85302 1.0
10951 23468 1.0
1080 5562 1.0
10799 11102 1.0
5518 5522 1.0
10002 5914 1.0
3054 430 1.0
10297 51529 1.0
5914 6257 1.0
6009 7249 1.0
1198 57035 1.0
599 638 1.0
9001 9146 1.0
6142 8634 1.0
11184 27040 1.0
26276 63894 1.0
53615 57459 1.0
10922 7072 1.0
3553 7334 1.0
10011 2099 1.0
80125 81628 1.0
23607 829 1.0
596 836 1.0
151871 51534 1.0
10492 22827 1.0
25777 5878 1.0
2833 6373 1.0
2185 9600 1.0
2913 5494 1.0
2534 914 1.0
6294 9667 1.0
51647 9391 1.0
6199 6850 1.0
11007 7918 1.0
10289 51386 1.0
22899 25843 1.0
3688 8515 1.0
7706 9246 1.0
3480 7532 1.0
156 5148 1.0
382 409 1.0
25804 9111 1.0
5069 5340 1.0
7157 9232 1.0
5867 6810 1.0
11335 23468 1.0
1387 892 1.0
273 8851 1.0
3692 51018 1.0
1956 9905 1.0
3312 9530 1.0
23542 5609 1.0
10189 860 1.0
2720 4758 1.0
2661 6279 1.0
79797 83755 1.0
23636 56001 1.0
22920 4294 1.0
10921 23517 1.0
23268 644150 1.0
2770 8490 1.0
10273 5071 1.0
4089 7046 1.0
5071 5997 1.0
201163 96459 1.0
3507 55722 1.0
1173 9779 1.0
7409 998 1.0
5619 6732 1.0
55437 7189 1.0
1130 116840 1.0
3741 88 1.0
11244 8644 1.0
6597 7421 1.0
2551 6667 1.0
27085 4193 1.0
4796 55723 1.0
10939 1912 1.0
1000 10672 1.0
56850 904 1.0
1400 217 1.0
5931 672 1.0
1439 6464 1.0
11143 1663 1.0
2624 8841 1.0
3486 8038 1.0
5551 811 1.0
51205 54978 1.0
1111 2810 1.0
54880 604 1.0
64425 9533 1.0
50855 5879 1.0
5914 8805 1.0
57099 596 1.0
3054 6667 1.0
4683 641 1.0
1499 29119 1.0
3561 6461 1.0
25917 51691 1.0
4860 55183 1.0
1030 8518 1.0
5430 64754 1.0
1616 2908 1.0
5914 8204 1.0
51562 79666 1.0
11020 51668 1.0
2521 7536 1.0
10014 11337 1.0
1977 1981 1.0
1759 51100 1.0
11325 23451 1.0
207 2932 1.0
2322 2885 1.0
3064 7157 1.0
10656 27316 1.0
10576 5516 1.0
2623 8289 1.0
64787 71 1.0
29127 9212 1.0
1937 29903 1.0
10307 333 1.0
1933 3035 1.0
2670 9883 1.0
5298 7529 1.0
54461 83755 1.0
3276 55183 1.0
10921 24148 1.0
27043 5925 1.0
10489 11030 1.0
6809 6812 1.0
5284 6446 1.0
3643 8660 1.0
4854 9794 1.0
1894 50855 1.0
4361 5981 1.0
6996 7067 1.0
23433 81704 1.0
645455 90060 1.0
7871 85369 1.0
3354 5704 1.0
3146 5970 1.0
1052 5970 1.0
5450 6477 1.0
163732 7020 1.0
26353 27129 1.0
4734 7323 1.0