0 1 1
1 2 0.30000
2 3 0.40000
3 1 0.50000
4043 6653 1.0
1088 634 1.0
3516 9541 1.0
6632 79084 1.0
10048 2908 1.0
2634 5050 1.0
7189 8878 1.0
5511 9869 1.0
58533 94 1.0
23077 2810 1.0
219541 9969 1.0
4123 7916 1.0
7153 988 1.0
1441 5781 1.0
1387 9794 1.0
4841 9513 1.0
27232 407 1.0
10036 10915 1.0
6256 6667 1.0
11059 11083 1.0
1080 7430 1.0
1432 27347 1.0
1325 6754 1.0
3956 3958 1.0
79869 8440 1.0
2243 5327 1.0
3621 8850 1.0
5664 7087 1.0
2554 5580 1.0
25843 6950 1.0
6884 6908 1.0
2669 9260 1.0
10393 4036 1.0
10287 4914 1.0
113675 27229 1.0
10602 23433 1.0
6256 9970 1.0
22866 5894 1.0
10921 9416 1.0
10458 5879 1.0
7329 9094 1.0
4034 4188 1.0
660 857 1.0
1019 595 1.0
51517 63948 1.0
22981 9726 1.0
25 7275 1.0
10066 9522 1.0
4654 6929 1.0
144455 8607 1.0
11098 51399 1.0
6271 6285 1.0
1027 898 1.0
51076 60491 1.0
4176 4999 1.0
5777 933 1.0
153733 541468 1.0
5879 5910 1.0
26150 2670 1.0
4628 57787 1.0
11244 5050 1.0
10758 4188 1.0
5359 57088 1.0
116986 9456 1.0
1969 52 1.0
2670 7431 1.0
66036 9108 1.0
125170 29979 1.0
3454 6773 1.0
10282 8615 1.0
4088 4851 1.0
2810 9413 1.0
1459 407 1.0
1630 5747 1.0
2160 3827 1.0
4842 5777 1.0
7409 8651 1.0
4831 83481 1.0
8440 9513 1.0
4222 5077 1.0
5933 6839 1.0
58 7114 1.0
170506 51205 1.0
5925 93621 1.0
10200 333 1.0
1739 8825 1.0
3842 8106 1.0
4188 7597 1.0
1399 9743 1.0
7020 7913 1.0
3312 988 1.0
57680 8940 1.0
22820 6892 1.0
1911 6015 1.0
51690 6634 1.0
1024 9282 1.0
59338 8777 1.0
202559 2130 1.0